411502200506122018
411502200506122034
411502200506122050
411502200506122077
411502200506122093
411502200506120610
411502200506120637
411502200506120653
41150220050612067X
411502200506120696
411502200506120311
411502200506120338
411502200506120354
411502200506120370
411502200506120397
411502200506128516
411502200506128532
411502200506128559
411502200506128575
411502200506128591
411502200506127417
411502200506127433
41150220050612745X
411502200506127476
411502200506127492
41150220050612761X
411502200506127636
411502200506127652
411502200506127679
411502200506127695
411502200506129615
411502200506129631
411502200506129658
411502200506129674
411502200506129690
41150220050612841X
411502200506128436
411502200506128452
411502200506128479
411502200506128495
411502200506126019
411502200506126035
411502200506126051
411502200506126078
411502200506126094
411502200506125913
41150220050612593X
411502200506125956
411502200506125972
411502200506125999
411502200506127214
411502200506127230
411502200506127257
411502200506127273
41150220050612729X
411502200506121111
411502200506121138
411502200506121154
411502200506121170
411502200506121197
411502200506129818
411502200506129834
411502200506129850
411502200506129877
411502200506129893
411502200506129316
411502200506129332
411502200506129359
411502200506129375
411502200506129391
411502200506125112
411502200506125139
411502200506125155
411502200506125171
411502200506125198
411502200506126713
41150220050612673X
411502200506126756
411502200506126772
411502200506126799
411502200506121218
411502200506121234
411502200506121250
411502200506121277
411502200506121293
411502200506121816
411502200506121832
411502200506121859
411502200506121875
411502200506121891
411502200506123619
411502200506123635
411502200506123651
411502200506123678
411502200506123694
411502200506126916
411502200506126932
411502200506126959
411502200506126975
411502200506126991
411502200506129711
411502200506129738
411502200506129754
411502200506129770
411502200506129797
411502200506126211
411502200506126238
411502200506126254
411502200506126270
411502200506126297
411502200506126617
411502200506126633
41150220050612665X
411502200506126676
411502200506126692
411502200506123918
411502200506123934
411502200506123950
411502200506123977
411502200506123993
411502200506120813
41150220050612083X
411502200506120856
411502200506120872
411502200506120899
411502200506124515
411502200506124531
411502200506124558
411502200506124574
411502200506124590
411502200506128313
41150220050612833X
411502200506128356
411502200506128372
411502200506128399
411502200506122915
411502200506122931
411502200506122958
411502200506122974
411502200506122990
411502200506124216
411502200506124232
411502200506124259
411502200506124275
411502200506124291
411502200506129914
411502200506129930
411502200506129957
411502200506129973
41150220050612999X
411502200506122712
411502200506122739
411502200506122755
411502200506122771
411502200506122798
411502200506120119
411502200506120135
411502200506120151
411502200506120178
411502200506120194
411502200506123117
411502200506123133
41150220050612315X
411502200506123176
411502200506123192
411502200506124312
411502200506124339
411502200506124355
411502200506124371
411502200506124398
411502200506129017
411502200506129033
41150220050612905X
411502200506129076
411502200506129092
411502200506124718
411502200506124734
411502200506124750
411502200506124777
411502200506124793
411502200506121613
41150220050612163X
411502200506121656
411502200506121672
411502200506121699
411502200506126318
411502200506126334
411502200506126350
411502200506126377
411502200506126393
411502200506128719
411502200506128735
411502200506128751
411502200506128778
411502200506128794
411502200506127812
411502200506127839
411502200506127855
411502200506127871
411502200506127898
41150220050612921X
411502200506129236
411502200506129252
411502200506129279
411502200506129295
411502200506128815
411502200506128831
411502200506128858
411502200506128874
411502200506128890
411502200506125518
411502200506125534
411502200506125550
411502200506125577
411502200506125593
411502200506125614
411502200506125630
411502200506125657
411502200506125673
41150220050612569X
411502200506129519
411502200506129535
411502200506129551
411502200506129578
411502200506129594
411502200506121314
411502200506121330
411502200506121357
411502200506121373
41150220050612139X
411502200506123416
411502200506123432
411502200506123459
411502200506123475
411502200506123491
411502200506129113
41150220050612913X
411502200506129156
411502200506129172
411502200506129199
411502200506120215
411502200506120231
411502200506120258
411502200506120274
411502200506120290
411502200506127716
411502200506127732
411502200506127759
411502200506127775
411502200506127791
411502200506125315
411502200506125331
411502200506125358
411502200506125374
411502200506125390
411502200506122616
411502200506122632
411502200506122659
411502200506122675
411502200506122691
411502200506127310
411502200506127337
411502200506127353
41150220050612737X
411502200506127396
411502200506120012
411502200506120039
411502200506120055
411502200506120071
411502200506120098
411502200506127118
411502200506127134
411502200506127150
411502200506127177
411502200506127193
411502200506120514
411502200506120530
411502200506120557
411502200506120573
41150220050612059X
411502200506124419
411502200506124435
411502200506124451
411502200506124478
411502200506124494
411502200506125016
411502200506125032
411502200506125059
411502200506125075
411502200506125091
41150220050612171X
411502200506121736
411502200506121752
411502200506121779
411502200506121795
41150220050612411X
411502200506124136
411502200506124152
411502200506124179
411502200506124195
411502200506123715
411502200506123731
411502200506123758
411502200506123774
411502200506123790
411502200506123811
411502200506123838
411502200506123854
411502200506123870
411502200506123897
411502200506126510
411502200506126537
411502200506126553
41150220050612657X
411502200506126596
411502200506123213
41150220050612323X
411502200506123256
411502200506123272
411502200506123299
411502200506123512
411502200506123539
411502200506123555
411502200506123571
411502200506123598
411502200506129412
411502200506129439
411502200506129455
411502200506129471
411502200506129498
411502200506124013
41150220050612403X
411502200506124056
411502200506124072
411502200506124099
41150220050612251X
411502200506122536
411502200506122552
411502200506122579
411502200506122595
411502200506128911
411502200506128938
411502200506128954
411502200506128970
411502200506128997
411502200506125411
411502200506125438
411502200506125454
411502200506125470
411502200506125497
411502200506122413
41150220050612243X
411502200506122456
411502200506122472
411502200506122499
411502200506125710
411502200506125737
411502200506125753
41150220050612577X
411502200506125796
411502200506128014
411502200506128030
411502200506128057
411502200506128073
41150220050612809X
411502200506128217
411502200506128233
41150220050612825X
411502200506128276
411502200506128292
411502200506127011
411502200506127038
411502200506127054
411502200506127070
411502200506127097
411502200506124814
411502200506124830
411502200506124857
411502200506124873
41150220050612489X
411502200506122114
411502200506122130
411502200506122157
411502200506122173
41150220050612219X
411502200506121517
411502200506121533
41150220050612155X
411502200506121576
411502200506121592
411502200506126414
411502200506126430
411502200506126457
411502200506126473
41150220050612649X
411502200506121015
411502200506121031
411502200506121058
411502200506121074
411502200506121090
41150220050612681X
411502200506126836
411502200506126852
411502200506126879
411502200506126895
411502200506122819
411502200506122835
411502200506122851
411502200506122878
411502200506122894
411502200506124910
411502200506124937
411502200506124953
41150220050612497X
411502200506124996
411502200506121912
411502200506121939
411502200506121955
411502200506121971
411502200506121998
411502200506128110
411502200506128137
411502200506128153
41150220050612817X
411502200506128196
411502200506127513
41150220050612753X
411502200506127556
411502200506127572
411502200506127599
411502200506125817
411502200506125833
41150220050612585X
411502200506125876
411502200506125892
411502200506121410
411502200506121437
411502200506121453
41150220050612147X
411502200506121496
411502200506120418
411502200506120434
411502200506120450
411502200506120477
411502200506120493
41150220050612091X
411502200506120936
411502200506120952
411502200506120979
411502200506120995
411502200506128612
411502200506128639
411502200506128655
411502200506128671
411502200506128698
411502200506122210
411502200506122237
411502200506122253
41150220050612227X
411502200506122296
411502200506127919
411502200506127935
411502200506127951
411502200506127978
411502200506127994
411502200506126115
411502200506126131
411502200506126158
411502200506126174
411502200506126190
411502200506124611
411502200506124638
411502200506124654
411502200506124670
411502200506124697
411502200506123010
411502200506123037
411502200506123053
41150220050612307X
411502200506123096
411502200506120717
411502200506120733
41150220050612075X
411502200506120776
411502200506120792
41150220050612331X
411502200506123336
411502200506123352
411502200506123379
411502200506123395
411502200506125219
411502200506125235
411502200506125251
411502200506125278
411502200506125294
411502200506122317
411502200506122333
41150220050612235X
411502200506122376
411502200506122392
